%YAML:1.0
---
type: IMU
name: xsens
Gyr:
   unit: " rad/s"
   avg-axis:
      gyr_n: 3.3418146262197547e-03
      gyr_w: 4.7224209797109549e-05
   x-axis:
      gyr_n: 3.5838564051684108e-03
      gyr_w: 5.0351358402194925e-05
   y-axis:
      gyr_n: 2.9814748044023195e-03
      gyr_w: 4.2266476640114643e-05
   z-axis:
      gyr_n: 3.4601126690885328e-03
      gyr_w: 4.9054794349019086e-05
Acc:
   unit: " m/s^2"
   avg-axis:
      acc_n: 1.5737164179909328e-02
      acc_w: 3.6917884952311191e-04
   x-axis:
      acc_n: 1.5372047964549071e-02
      acc_w: 2.9614173782422710e-04
   y-axis:
      acc_n: 1.6136159278969782e-02
      acc_w: 5.0825314767039052e-04
   z-axis:
      acc_n: 1.5703285296209131e-02
      acc_w: 3.0314166307471806e-04
